68efd73e-a0cd-33f7-a574-2c7e5d7949df:
  H:
    world: world
    x: -181.19384411492857
    y: 72.875
    z: -464.31516405260845
    yaw: -109.201416
    pitch: 13.049995
