68efd73e-a0cd-33f7-a574-2c7e5d7949df:
  h:
    world: world
    x: -167.28737658836982
    y: 71.9375
    z: -475.38554023902634
    yaw: -162.45137
    pitch: 44.850002
