68efd73e-a0cd-33f7-a574-2c7e5d7949df:
  h:
    world: world
    x: -167.28737658836982
    y: 71.9375
    z: -475.38554023902634
    yaw: -162.45137
    pitch: 44.850002
  B:
    world: world_nether
    x: -752.4069538372275
    y: 49.0
    z: -592.4144962260784
    yaw: 131.69385
    pitch: 0.8999829
